0.000000
0.010000
0.020000
0.030000
0.040000
0.050000
0.060000
0.070000
0.080000
0.090000
0.100000
0.110000
0.120000
0.130000
0.140000
0.150000
0.160000
0.170000
0.180000
0.190000
0.200000
0.210000
0.220000
0.230000
0.240000
0.250000
0.260000
0.270000
0.280000
0.290000
0.300000
0.310000
0.320000
0.330000
0.340000
0.350000
0.360000
0.370000
0.380000
0.390000
0.400000
0.410000
0.420000
0.430000
0.440000
0.450000
0.460000
0.470000
0.480000
0.490000
0.500000
0.510000
0.520000
0.530000
0.540000
0.550000
0.560000
0.570000
0.580000
0.590000
0.600000
0.610000
0.620000
0.630000
0.640000
0.650000
0.660000
0.670000
0.680000
0.690000
0.700000
0.710000
0.720000
0.730000
0.740000
0.750000
0.760000
0.770000
0.780000
0.790000
0.800000
0.810000
0.820000
0.830000
0.840000
0.850000
0.860000
0.870000
0.880000
0.890000
0.900000
0.910000
0.920000
0.930000
0.940000
0.950000
0.960000
0.970000
0.980000
0.990000
1.000000
1.010000
1.020000
1.030000
1.040000
1.050000
1.060000
1.070000
1.080000
1.090000
1.100000
1.110000
1.120000
1.130000
1.140000
1.150000
1.160000
1.170000
1.180000
1.190000
1.200000
1.210000
1.220000
1.230000
1.240000
1.250000
1.260000
1.270000
1.280000
1.290000
1.300000
1.310000
1.320000
1.330000
1.340000
1.350000
1.360000
1.370000
1.380000
1.390000
1.400000
1.410000
1.420000
1.430000
1.440000
1.450000
1.460000
1.470000
1.480000
1.490000
1.500000
1.510000
1.520000
1.530000
1.540000
1.550000
1.560000
1.570000
1.580000
1.590000
1.600000
1.610000
1.620000
1.630000
1.640000
1.650000
1.660000
1.670000
1.680000
1.690000
1.700000
1.710000
1.720000
1.730000
1.740000
1.750000
1.760000
1.770000
1.780000
1.790000
1.800000
1.810000
1.820000
1.830000
1.840000
1.850000
1.860000
1.870000
1.880000
1.890000
1.900000
1.910000
1.920000
1.930000
1.940000
1.950000
1.960000
1.970000
1.980000
1.990000
2.000000
2.010000
2.020000
2.030000
2.040000
2.050000
2.060000
2.070000
2.080000
2.090000
2.100000
2.110000
2.120000
2.130000
2.140000
2.150000
2.160000
2.170000
2.180000
2.190000
2.200000
2.210000
2.220000
2.230000
2.240000
2.250000
2.260000
2.270000
2.280000
2.290000
2.300000
2.310000
2.320000
2.330000
2.340000
2.350000
2.360000
2.370000
2.380000
2.390000
2.400000
2.410000
2.420000
2.430000
2.440000
2.450000
2.460000
2.470000
2.480000
2.490000
2.500000
2.510000
2.520000
2.530000
2.540000
2.550000
2.560000
2.570000
2.580000
2.590000
2.600000
2.610000
2.620000
2.630000
2.640000
2.650000
2.660000
2.670000
2.680000
2.690000
2.700000
2.710000
2.720000
2.730000
2.740000
2.750000
2.760000
2.770000
2.780000
2.790000
2.800000
2.810000
2.820000
2.830000
2.840000
2.850000
2.860000
2.870000
2.880000
2.890000
2.900000
2.910000
2.920000
2.930000
2.940000
2.950000
2.960000
2.970000
2.980000
2.990000
3.000000
3.010000
3.020000
3.030000
3.040000
3.050000
3.060000
3.070000
3.080000
3.090000
3.100000
3.110000
3.120000
3.130000
3.140000
3.150000
3.160000
3.170000
3.180000
3.190000
3.200000
3.210000
3.220000
3.230000
3.240000
3.250000
3.260000
3.270000
3.280000
3.290000
3.300000
3.310000
3.320000
3.330000
3.340000
3.350000
3.360000
3.370000
3.380000
3.390000
3.400000
3.410000
3.420000
3.430000
3.440000
3.450000
3.460000
3.470000
3.480000
3.490000
3.500000
3.510000
3.520000
3.530000
3.540000
3.550000
3.560000
3.570000
3.580000
3.590000
3.600000
3.610000
3.620000
3.630000
3.640000
3.650000
3.660000
3.670000
3.680000
3.690000
3.700000
3.710000
3.720000
3.730000
3.740000
3.750000
3.760000
3.770000
3.780000
3.790000
3.800000
3.810000
3.820000
3.830000
3.840000
3.850000
3.860000
3.870000
3.880000
3.890000
3.900000
3.910000
3.920000
3.930000
3.940000
3.950000
3.960000
3.970000
3.980000
3.990000
Y
0.000000
0.125577
0.250659
0.374752
0.497365
0.618016
0.736228
0.851535
0.963481
1.071625
1.175540
1.274817
1.369062
1.457904
1.540993
1.618001
1.688624
1.752583
1.809626
1.859527
1.902090
1.937147
1.964559
1.984219
1.996048
2.000000
1.996060
1.984242
1.964594
1.937193
1.902147
1.859595
1.809705
1.752672
1.688723
1.618110
1.541112
1.458031
1.369197
1.274959
1.175691
1.071782
0.963644
0.851703
0.736401
0.618193
0.497545
0.374934
0.250843
0.125763
0.000000
0.000000
0.000000
0.000000
0.000000
0.000000
0.000000
0.000000
0.000000
0.000000
0.000000
0.000000
0.000000
0.000000
0.000000
0.000000
0.000000
0.000000
0.000000
0.000000
0.000000
0.000000
0.000000
0.000000
0.000000
0.000000
0.000000
0.000000
0.000000
0.000000
0.000000
0.000000
0.000000
0.000000
0.000000
0.000000
0.000000
0.000000
0.000000
0.000000
0.000000
0.000000
0.000000
0.000000
0.000000
0.000000
0.000000
0.000000
0.000000
0.000000
-0.000371
0.125207
0.250291
0.374387
0.497006
0.617663
0.735883
0.851199
0.963156
1.071313
1.175241
1.274531
1.368792
1.457651
1.540757
1.617783
1.688425
1.752404
1.809468
1.859390
1.901975
1.937055
1.964490
1.984172
1.996025
2.000000
1.996083
1.984288
1.964663
1.937285
1.902262
1.859732
1.809863
1.752851
1.688923
1.618328
1.541348
1.458285
1.369467
1.275245
1.175990
1.072095
0.963969
0.852039
0.736746
0.618546
0.497905
0.375299
0.251210
0.126132
0.000000
0.000000
0.000000
0.000000
0.000000
0.000000
0.000000
0.000000
0.000000
0.000000
0.000000
0.000000
0.000000
0.000000
0.000000
0.000000
0.000000
0.000000
0.000000
0.000000
0.000000
0.000000
0.000000
0.000000
0.000000
0.000000
0.000000
0.000000
0.000000
0.000000
0.000000
0.000000
0.000000
0.000000
0.000000
0.000000
0.000000
0.000000
0.000000
0.000000
0.000000
0.000000
0.000000
0.000000
0.000000
0.000000
0.000000
0.000000
0.000000
0.000000
-0.000741
0.124837
0.249923
0.374023
0.496647
0.617311
0.735539
0.850864
0.962831
1.070999
1.174940
1.274244
1.368520
1.457396
1.540520
1.617564
1.688226
1.752225
1.809310
1.859254
1.901861
1.936963
1.964420
1.984126
1.996001
2.000000
1.996106
1.984335
1.964733
1.937377
1.902376
1.859868
1.810020
1.753030
1.689121
1.618546
1.541585
1.458539
1.369738
1.275532
1.176291
1.072409
0.964295
0.852375
0.737089
0.618897
0.498262
0.375661
0.251578
0.126502
0.000000
0.000000
0.000000
0.000000
0.000000
0.000000
0.000000
0.000000
0.000000
0.000000
0.000000
0.000000
0.000000
0.000000
0.000000
0.000000
0.000000
0.000000
0.000000
0.000000
0.000000
0.000000
0.000000
0.000000
0.000000
0.000000
0.000000
0.000000
0.000000
0.000000
0.000000
0.000000
0.000000
0.000000
0.000000
0.000000
0.000000
0.000000
0.000000
0.000000
0.000000
0.000000
0.000000
0.000000
0.000000
0.000000
0.000000
0.000000
0.000000
0.000000
-0.001112
0.124468
0.249556
0.373659
0.496288
0.616958
0.735194
0.850528
0.962506
1.070686
1.174640
1.273959
1.368250
1.457142
1.540283
1.617346
1.688027
1.752046
1.809151
1.859117
1.901745
1.936870
1.964351
1.984079
1.995978
2.000000
1.996129
1.984381
1.964802
1.937469
1.902491
1.860004
1.810178
1.753208
1.689319
1.618764
1.541821
1.458793
1.370008
1.275817
1.176591
1.072722
0.964620
0.852711
0.737436
0.619252
0.498621
0.376025
0.251946
0.126872
0.000000
0.000000
0.000000
0.000000
0.000000
0.000000
0.000000
0.000000
0.000000
0.000000
0.000000
0.000000
0.000000
0.000000
0.000000
0.000000
0.000000
0.000000
0.000000
0.000000
0.000000
0.000000
0.000000
0.000000
0.000000
0.000000
0.000000
0.000000
0.000000
0.000000
0.000000
0.000000
0.000000
0.000000
0.000000
0.000000
0.000000
0.000000
0.000000
0.000000
0.000000
0.000000
0.000000
0.000000
0.000000
0.000000
0.000000
0.000000
0.000000
0.000000
